1.0000,-0.1689,-0.1388,-0.1140,-0.1240,-0.1730,-0.1681
-0.1689,1.0000,-0.1065,-0.1487,-0.1321,-0.1759,-0.2318
-0.1388,-0.1065,1.0000,-0.1428,-0.1325,-0.2516,-0.1700
-0.1140,-0.1487,-0.1428,1.0000,-0.3311,-0.1708,-0.1206
-0.1240,-0.1321,-0.1325,-0.3311,1.0000,-0.1642,-0.1288
-0.1730,-0.1759,-0.2516,-0.1708,-0.1642,1.0000,-0.1913
-0.1681,-0.2318,-0.1700,-0.1206,-0.1288,-0.1913,1.0000
