1.0000,-0.9939,-0.0051,-0.0101,-0.0029,-0.0009,-0.0065
-0.9939,1.0000,-0.0024,-0.0024,-0.0065,-0.0006,-0.0014
-0.0051,-0.0024,1.0000,-0.2216,-0.0250,-0.5537,-0.0109
-0.0101,-0.0024,-0.2216,1.0000,-0.7771,-0.1556,-0.2658
-0.0029,-0.0065,-0.0250,-0.7771,1.0000,-0.0081,-0.0065
-0.0009,-0.0006,-0.5537,-0.1556,-0.0081,1.0000,-0.2163
-0.0065,-0.0014,-0.0109,-0.2658,-0.0065,-0.2163,1.0000
